td_0_string=_
td_0_data=519.000000 363.000000 1 1 1 0 0.183331 5.800003 -1 255 135 1 328.500000 155.000000 0 2 1 0 1 1 -10.000000 0.000000 -20.000000 1.000000 255 255 135 
td_0_bar_data=100.000000 0 
td_1_string=lay
td_1_data=465.000000 352.000000 3 1 1 0 0.600000 2.000000 -1 255 50 0 400.000000 17.000000 0 1 1 0 1 1 -10.000000 0.000000 -20.000000 1.000000 255 255 50 
td_1_bar_data=100.000000 0 
td_2_string=P
td_2_data=452.000000 352.000000 3 1 1 0 0.600000 2.000000 -1962934017 255 50 0 400.000000 17.000000 0 1 1 0 1 1 -10.000000 0.000000 -20.000000 1.000000 255 255 50 
td_2_bar_data=100.000000 0 
td_3_string=erse
td_3_data=533.000000 374.000000 3 1 1 0 0.600000 2.000000 -1 255 50 0 400.000000 17.000000 0 1 1 0 1 1 -10.000000 0.000000 -20.000000 1.000000 255 255 50 
td_3_bar_data=100.000000 0 
td_4_string=V
td_4_data=519.000000 374.000000 3 1 1 0 0.600000 2.000000 -1962934017 255 50 0 400.000000 17.000000 0 1 1 0 1 1 -10.000000 0.000000 -20.000000 1.000000 255 255 50 
td_4_bar_data=100.000000 0 
td_5_string=HUD:radar_gym
td_5_data=457.000000 377.000000 4 1 1 0 0.600000 2.000000 -1 255 255 1 19.000000 15.000000 0 1 1 0 1 1 -10.000000 0.000000 -20.000000 1.000000 255 255 255 
td_5_bar_data=100.000000 0 
td_6_string=_
td_6_data=566.000000 394.000000 1 1 4 0 0.600000 -0.049995 -1 255 -1962934047 1 311.000000 61.500000 0 2 1 0 1 1 -10.000000 0.000000 -20.000000 1.000000 255 255 225 
td_6_bar_data=100.000000 0 
td_7_string=nama_saya
td_7_data=519.000000 403.000000 1 1 1 0 0.370833 1.250002 -1 255 175 1 294.000000 155.000000 0 2 1 0 1 1 -10.000000 0.000000 -20.000000 1.000000 255 255 175 
td_7_bar_data=100.000000 0 
td_8_string=HUD:radar_girlfriend
td_8_data=500.000000 366.000000 4 1 1 0 0.600000 2.000000 -1 255 50 1 17.000000 17.000000 0 1 1 0 1 1 -10.000000 0.000000 -20.000000 1.000000 255 255 50 
td_8_bar_data=100.000000 0 
