td_0_string=_
td_0_data=313.000000 86.000000 1 1 1 0 0.600000 29.800003 -1 212 230 1 309.500000 209.500000 0 2 1 0 1 1 -10.000000 0.000000 -20.000000 1.000000 255 212 230 
td_0_bar_data=100.000000 0 
