td_0_string=PlayerProgressBar
td_0_data=503.000000 365.000000 6 1 1 0 0.600000 2.000000 -65281 255 50 1 81.500000 7.000000 0 1 1 0 1 1 -10.000000 0.000000 -20.000000 1.000000 255 255 50 
td_0_bar_data=100.000000 0 
td_1_string=_
td_1_data=567.000000 328.000000 1 0 1 0 0.600000 13.800003 -1 255 135 1 178.500000 148.500000 0 2 1 0 1 1 -10.000000 0.000000 -20.000000 1.000000 255 255 135 
td_1_bar_data=100.000000 0 
td_2_string=Lapar
td_2_data=502.000000 344.000000 1 1 1 0 0.400000 1.649999 -1 255 50 0 400.000000 17.000000 0 1 1 0 1 1 -10.000000 0.000000 -20.000000 1.000000 255 255 50 
td_2_bar_data=100.000000 0 
td_3_string=HUD:radar_pizza
td_3_data=562.000000 344.000000 4 1 1 0 0.600000 2.000000 -1 255 50 1 15.500000 14.000000 0 1 1 0 1 1 -10.000000 0.000000 -20.000000 1.000000 255 255 50 
td_3_bar_data=100.000000 0 
td_4_string=PlayerProgressBar
td_4_data=503.000000 412.000000 6 1 1 0 0.600000 2.000000 1097458175 255 50 1 81.500000 7.000000 0 1 1 0 1 1 -10.000000 0.000000 -20.000000 1.000000 255 255 50 
td_4_bar_data=100.000000 0 
td_5_string=Haus
td_5_data=502.000000 391.000000 1 1 1 0 0.400000 1.649999 -1 255 50 0 400.000000 17.000000 0 1 1 0 1 1 -10.000000 0.000000 -20.000000 1.000000 255 255 50 
td_5_bar_data=100.000000 0 
td_6_string=HUD:radar_diner
td_6_data=562.000000 391.000000 4 1 1 0 0.600000 2.000000 -1 255 50 1 15.500000 14.000000 0 1 1 0 1 1 -10.000000 0.000000 -20.000000 1.000000 255 255 50 
td_6_bar_data=100.000000 0 
td_7_string=Preview_Model
td_7_data=532.000000 325.000000 5 1 0 0 0.600000 2.000000 -1 0 255 0 153.500000 165.000000 0 1 1 0 1 1 -10.000000 0.000000 -20.000000 1.000000 255 0 255 
td_7_bar_data=100.000000 0 
