td_0_string=00:00:00
td_0_data=548.000000 24.000000 3 1 1 0 0.395833 1.700000 -1 255 50 0 400.000000 17.000000 0 1 1 0 1 1 -10.000000 0.000000 -20.000000 1.000000 255 255 50 
td_0_bar_data=100.000000 0 
td_1_string=Rabu, 10 20 2000
td_1_data=501.000000 10.000000 3 1 1 0 0.404166 1.400000 -1 255 50 0 859.500000 -250.000000 0 1 1 0 1 1 -10.000000 0.000000 -20.000000 1.000000 255 255 50 
td_1_bar_data=100.000000 0 
