td_0_string=_
td_0_data=327.000000 76.000000 1 0 1 0 0.858332 32.100006 -1 255 235 1 348.500000 390.000000 0 2 1 0 1 1 -10.000000 0.000000 -20.000000 1.000000 255 255 235 
td_0_bar_data=100.000000 0 
td_1_string=Preview_Model
td_1_data=339.000000 114.000000 5 0 0 0 0.600000 2.000000 -1 -131 255 0 172.500000 205.000000 0 1 1 18874 1 1 0.000000 0.000000 0.000000 1.000000 255 125 255 
td_1_bar_data=100.000000 0 
td_2_string=My Info
td_2_data=146.000000 83.000000 1 0 1 0 0.600000 2.000000 -1 255 50 0 400.000000 17.000000 0 1 1 0 1 1 -10.000000 0.000000 -20.000000 1.000000 255 255 50 
td_2_bar_data=100.000000 0 
td_3_string=Nama : tes
td_3_data=144.000000 120.000000 1 0 1 0 0.354166 1.500000 -1 255 50 1 325.000000 17.000000 0 1 1 0 1 1 -10.000000 0.000000 -20.000000 1.000000 255 255 50 
td_3_bar_data=100.000000 0 
td_4_string=Jenis Kelamin : Laki Laki
td_4_data=144.000000 148.000000 1 0 1 0 0.354166 1.500000 -1 255 50 1 325.000000 17.000000 0 1 1 0 1 1 -10.000000 0.000000 -20.000000 1.000000 255 255 50 
td_4_bar_data=100.000000 0 
td_5_string=Nomor HP : 62123456
td_5_data=144.000000 164.000000 1 0 1 0 0.354166 1.500000 -1 255 50 1 325.000000 17.000000 0 1 1 0 1 1 -10.000000 0.000000 -20.000000 1.000000 255 255 50 
td_5_bar_data=100.000000 0 
td_6_string=Jenis HP : ePhone 4
td_6_data=144.000000 180.000000 1 0 1 0 0.354166 1.500000 -1 255 50 1 325.000000 17.000000 0 1 1 0 1 1 -10.000000 0.000000 -20.000000 1.000000 255 255 50 
td_6_bar_data=100.000000 0 
td_7_string=Tutup
td_7_data=329.000000 334.000000 2 1 1 0 0.258332 1.750000 -1 255 200 1 16.500000 90.500000 1 2 1 0 1 1 -10.000000 0.000000 -20.000000 1.000000 255 255 200 
td_7_bar_data=100.000000 0 
