td_0_string=_
td_0_data=314.000000 98.000000 1 0 1 0 10.804163 27.150005 -1 255 207 1 40.000000 356.000000 0 2 1 0 1 1 -10.000000 0.000000 -20.000000 1.000000 255 255 207 showItem
td_0_bar_data=100.000000 0 
td_1_string=Preview_Model
td_1_data=157.000000 145.000000 5 0 0 0 0.600000 2.000000 -1 -131 -1 0 112.500000 150.000000 0 1 1 0 1 1 -10.000000 0.000000 -20.000000 1.000000 255 125 255 
td_1_bar_data=100.000000 0 
td_2_string=INFO ITEM ~G~ COSINUS
td_2_data=143.000000 110.000000 2 0 1 0 0.412499 2.199999 -1 255 50 1 484.500000 17.000000 0 1 1 0 1 1 -10.000000 0.000000 -20.000000 1.000000 255 255 50 
td_2_bar_data=100.000000 0 
td_3_string=Jumlah Item
td_3_data=284.000000 167.000000 2 0 1 0 0.245830 1.799998 -1 255 50 0 404.000000 15.000000 0 1 1 0 1 1 -10.000000 0.000000 -20.000000 1.000000 255 255 50 
td_3_bar_data=100.000000 0 
td_4_string=Keterangan : ~n~asdasd~n~asdasd~n~askdjaskj qkwjel kq
td_4_data=284.000000 212.000000 2 0 1 0 0.258332 1.600000 -1 255 50 0 483.500000 140.500000 0 1 1 0 1 1 -10.000000 0.000000 -20.000000 1.000000 255 255 50 
td_4_bar_data=100.000000 0 
td_5_string=TUTUP
td_5_data=310.000000 315.000000 2 0 1 0 0.258332 1.750000 -1 255 200 1 16.500000 90.500000 1 2 1 0 1 1 -10.000000 0.000000 -20.000000 1.000000 255 255 200 
td_5_bar_data=100.000000 0 
