td_0_string=_
td_0_data=314.000000 98.000000 1 0 1 0 10.804162 27.150005 -1 255 207 1 40.000000 356.000000 0 2 1 0 1 1 -10.000000 0.000000 -20.000000 1.000000 255 255 207 showItem
td_0_bar_data=100.000000 0 
td_1_string=Preview_Model
td_1_data=157.000000 145.000000 5 0 0 0 0.600000 2.000000 -1 -131 -1 0 112.500000 150.000000 0 1 1 0 1 1 -10.000000 0.000000 -20.000000 1.000000 255 125 255 
td_1_bar_data=100.000000 0 
td_2_string=Info Item ~g~Cosinus
td_2_data=143.000000 110.000000 3 0 1 0 0.412499 2.199999 -1 255 50 1 484.500000 17.000000 0 1 1 0 1 1 -10.000000 0.000000 -20.000000 1.000000 255 255 50 
td_2_bar_data=100.000000 0 
td_3_string=Keterangan : Berlian adalah item yang sangat langka, berguna untuk membuat item-item langka dan dapat menghasilkan banyak uang.
td_3_data=284.000000 201.000000 2 0 1 0 0.216663 1.299997 -1 255 50 1 492.000000 36.500000 0 1 1 0 1 1 -10.000000 0.000000 -20.000000 1.000000 255 255 50 
td_3_bar_data=100.000000 0 
td_4_string=TUTUP
td_4_data=319.000000 347.000000 2 0 1 0 0.258332 1.550000 -1 255 200 1 16.500000 90.500000 1 2 1 0 1 1 -10.000000 0.000000 -20.000000 1.000000 255 255 200 
td_4_bar_data=100.000000 0 
td_5_string=Nama Item : Paintjob Stiker Kendaraan
td_5_data=284.000000 148.000000 2 0 1 0 0.216663 1.299997 -1 255 50 1 492.000000 36.500000 0 1 1 0 1 1 -10.000000 0.000000 -20.000000 1.000000 255 255 50 
td_5_bar_data=100.000000 0 
td_6_string=Jumlah Item : 100000
td_6_data=284.000000 176.000000 2 0 1 0 0.216663 1.299997 -1 255 50 1 492.000000 36.500000 0 1 1 0 1 1 -10.000000 0.000000 -20.000000 1.000000 255 255 50 
td_6_bar_data=100.000000 0 
