td_0_string=_
td_0_data=312.000000 353.000000 1 1 1 0 0.600000 10.300003 -1 255 135 1 402.000000 168.500000 0 2 1 0 1 1 -10.000000 0.000000 -20.000000 1.000000 255 255 135 BoxSpeedo
td_0_bar_data=100.000000 0 
td_1_string=PlayerProgressBar
td_1_data=282.000000 398.000000 6 1 1 0 0.600000 2.000000 -2686721 255 50 1 94.500000 9.500000 0 1 1 0 1 1 -10.000000 0.000000 -20.000000 1.000000 255 255 50 
td_1_bar_data=100.000000 0 
td_2_string=PlayerProgressBar
td_2_data=282.000000 425.000000 6 1 1 0 0.600000 2.000000 -1962934017 255 50 1 94.500000 9.500000 0 1 1 0 1 1 -10.000000 0.000000 -20.000000 1.000000 255 255 50 
td_2_bar_data=100.000000 0 
td_3_string=HUD:radar_impound
td_3_data=241.000000 393.000000 4 1 1 0 0.600000 2.000000 -1 255 50 1 17.000000 17.000000 0 1 1 0 1 1 -10.000000 0.000000 -20.000000 1.000000 255 255 50 
td_3_bar_data=100.000000 0 
td_4_string=HUD:radar_girlfriend
td_4_data=240.000000 421.000000 4 1 1 0 0.600000 2.000000 -1 255 50 1 17.000000 17.000000 0 1 1 0 1 1 -10.000000 0.000000 -20.000000 1.000000 255 255 50 
td_4_bar_data=100.000000 0 
td_5_string=Police Car (LSPD)
td_5_data=241.000000 354.000000 2 0 1 0 0.316666 1.700000 -1 255 50 0 400.000000 17.000000 0 1 1 0 1 1 -10.000000 0.000000 -20.000000 1.000000 255 255 50 
td_5_bar_data=100.000000 0 
td_6_string=~g~Km~w~/~r~Jam
td_6_data=375.000000 372.000000 3 0 1 0 0.316666 1.700000 -1 255 50 0 400.000000 17.000000 0 3 1 0 1 1 -10.000000 0.000000 -20.000000 1.000000 255 255 50 
td_6_bar_data=100.000000 0 
td_7_string=100
td_7_data=328.000000 372.000000 3 0 1 0 0.316666 1.700000 -1 255 50 0 400.000000 17.000000 0 3 1 0 1 1 -10.000000 0.000000 -20.000000 1.000000 255 255 50 
td_7_bar_data=100.000000 0 
