td_0_string=Rabu, 00.00.0000
td_0_data=577.000000 8.000000 3 1 2 0 0.266665 1.299998 -1 255 50 0 400.000000 17.000000 0 2 1 0 1 1 -10.000000 0.000000 -20.000000 1.000000 255 255 50 
td_0_bar_data=100.000000 0 
