td_0_string=RP.
td_0_data=455.000000 80.000000 3 0 1 0 0.600000 2.250000 1097458175 255 1296911868 1 610.000000 36.500000 0 1 1 0 1 1 -10.000000 0.000000 -20.000000 1.000000 255 255 252 
td_0_bar_data=100.000000 0 
td_1_string=100000000
td_1_data=606.000000 81.000000 3 0 1 0 0.600000 2.000000 9109759 255 50 0 400.000000 17.000000 0 3 1 0 1 1 -10.000000 0.000000 -20.000000 1.000000 255 255 50 
td_1_bar_data=100.000000 0 
